45.616383 9.280792
45.616611 9.280829
45.616833 9.280862
45.617043 9.280899
45.617268 9.280931
45.617501 9.280958
45.61773 9.281001
45.61797 9.281033
45.618191 9.281055
45.618416 9.281092
45.618619 9.281114
45.618851 9.281151
45.619058 9.281194
45.619264 9.281237
45.619504 9.281275
45.619722 9.281285
45.619936 9.281323
45.62015 9.281344
45.620367 9.281398
45.620596 9.281414
45.62081 9.281425
45.621024 9.281457
45.621283 9.281495
45.621497 9.281516
45.621692 9.281548
45.621906 9.28158
45.622112 9.281591
45.622326 9.281623
45.622551 9.281656
45.622746 9.281672
45.622952 9.28172
45.623159 9.281736
45.623354 9.281747
45.623564 9.28179
45.623796 9.281806
45.623995 9.281838
45.624213 9.281875
45.62446 9.281897
45.624543 9.281951
45.624562 9.282036
45.624554 9.282133
45.624547 9.282246
45.624566 9.282385
45.624648 9.282471
45.624779 9.282449
45.624959 9.282364
45.625158 9.28231
45.625361 9.282235
45.625586 9.28216
45.625807 9.282101
45.625999 9.282079
45.626194 9.282085
45.626419 9.282112
45.626644 9.282133
45.62685 9.282149
45.627049 9.282181
45.627267 9.282203
45.627484 9.282235
45.627694 9.282289
45.627882 9.282358
45.628103 9.282476
45.628291 9.2826
45.628493 9.282766
45.628685 9.282938
45.628835 9.283115
45.628985 9.283313
45.629135 9.283555
45.629281 9.283817
45.629416 9.284096
45.629529 9.284418
45.62963 9.284713
45.629701 9.285014
45.629773 9.285293
45.629829 9.285625
45.629874 9.28592
45.629911 9.286247
45.629949 9.286591
45.629975 9.286972
45.629986 9.287347
45.630005 9.287696
45.630028 9.288071
45.630035 9.288393
45.630046 9.288758
45.630076 9.289144
45.630106 9.28967
45.630118 9.29004
45.630125 9.290405
45.63014 9.290775
45.630159 9.291151
45.630166 9.291365
45.630215 9.291456
45.63029 9.291531
45.630388 9.291531
45.63047 9.291585
45.630542 9.291644
45.630572 9.291816
45.630609 9.292089
45.63065 9.292395
45.630725 9.292755
45.630793 9.293071
45.630864 9.29335
45.630939 9.293672
45.631022 9.293988
45.631097 9.294305
45.631164 9.294632
45.631258 9.295008
45.631333 9.295356
45.631367 9.295705
45.631329 9.295995
45.631206 9.296284
45.631029 9.296467
45.630808 9.296579
45.630579 9.296612
45.630343 9.296649
45.63011 9.296676
45.629889 9.296697
45.629664 9.296719
45.629424 9.296756
45.629165 9.296799
45.62891 9.296826
45.628722 9.296853
45.628568 9.296864
45.628448 9.296821
45.628366 9.296735
45.628306 9.296585
45.62825 9.29644
45.628163 9.296215
45.628043 9.295925
45.627949 9.295667
45.627863 9.295442
45.627736 9.295131
45.627634 9.294863
45.627514 9.294568
45.627402 9.294251
45.627267 9.293924
45.627143 9.293602
45.627012 9.293248
45.626891 9.292958
45.626745 9.29261
45.626584 9.292277
45.626419 9.291993
45.626287 9.291751
45.626167 9.291526
45.626025 9.291301
45.625875 9.291059
45.625698 9.290791
45.625526 9.290507
45.625368 9.290249
45.625211 9.289986
45.625061 9.289729
45.624907 9.289477
45.624648 9.289069
45.62446 9.288737
45.62422 9.28834
45.623988 9.287975
45.623733 9.287578
45.623538 9.287202
45.623372 9.286993
45.623222 9.286725
45.623069 9.286484
45.622956 9.286301
45.622862 9.286129
45.622757 9.285985
45.622686 9.285888
45.62257 9.285877
45.622453 9.285883
45.622326 9.28592
45.622198 9.28592
45.622071 9.285926
45.621943 9.285899
45.621819 9.285856
45.621692 9.285765
45.621572 9.285657
45.621455 9.285523
45.621373 9.285389
45.621279 9.285207
45.621204 9.285094
45.621125 9.285046
45.620994 9.285019
45.620851 9.284992
45.62069 9.284949
45.620532 9.284933
45.620364 9.284901
45.620161 9.284863
45.619973 9.284837
45.619744 9.284783
45.619489 9.28474
45.619238 9.284697
45.619002 9.28466
45.618746 9.284627
45.618518 9.284579
45.618232 9.284536
45.617895 9.284483
45.617568 9.28444
45.617253 9.284391
45.616927 9.284354
45.616649 9.284306
45.616304 9.284273
45.615914 9.284193
45.615546 9.284134
45.615159 9.284059
45.6149 9.284037
45.614645 9.284016
45.614341 9.283957
45.614109 9.283935
45.613876 9.283903
45.613651 9.28386
45.613445 9.283844
45.613201 9.283812
45.612983 9.283758
45.61281 9.283721
45.612612 9.283699
45.612435 9.283678
45.612315 9.283635
45.612206 9.28356
45.612109 9.283442
45.612034 9.28334
45.611951 9.28319
45.611899 9.282997
45.611854 9.282798
45.611861 9.282621
45.611876 9.282455
45.611906 9.282289
45.611944 9.282154
45.612 9.281983
45.61206 9.281816
45.612154 9.281639
45.612263 9.281452
45.612379 9.281328
45.612473 9.281253
45.612608 9.281114
45.612758 9.281006
45.612912 9.280931
45.613081 9.280846
45.613257 9.280797
45.613257 9.280797
45.613493 9.280754
45.613685 9.280711
45.613884 9.280711
45.614045 9.280711
45.61424 9.280711
45.614424 9.280711
45.614627 9.280717
45.614762 9.280706
45.614964 9.280717
45.615159 9.280679
45.615336 9.280685
45.615557 9.280695
45.615733 9.280717
45.615936 9.280754
45.616124 9.280765
45.616383 9.280792
