45.617653 9.281157
45.618357 9.281208
45.619123 9.281229
45.619948 9.281358
45.620743 9.281508
45.621449 9.281594
45.622529 9.281787
45.623385 9.282087
45.624345 9.282624
45.625246 9.283697
45.625711 9.285285
45.625666 9.287194
45.625366 9.288246
45.624825 9.289211
45.624240 9.289748
45.623625 9.290134
45.622905 9.290220
45.622349 9.290241
45.621644 9.290134
45.620909 9.289962
45.620398 9.289962
45.619783 9.289877
45.619198 9.289705
45.619618 9.289791
45.618837 9.289705
45.618267 9.289555
45.617487 9.289426
45.616901 9.289276
45.616391 9.289233
45.615791 9.289104
45.615070 9.289040
45.614295 9.288854
45.613399 9.288746
45.612376 9.288494
45.611783 9.288241
45.611228 9.287808
45.610761 9.287231
45.610344 9.286437
45.610344 9.286437
45.610054 9.285552
45.609928 9.284632
45.610041 9.283351
45.610382 9.282323
45.610836 9.281601
45.611379 9.280969
45.612023 9.280572
45.612793 9.280410
45.613600 9.280428
45.614194 9.280518
45.614774 9.280572
45.615494 9.280645
45.616200 9.280807
45.616983 9.281005
45.617538 9.281150
